------------  4 x 4  ------------
第 1 次
[[ 0 29  3 12]
 [29  0 19 14]
 [ 3 19  0 16]
 [12 14 16  0]]
DP Weight: 48
DP計算時間: 0.00010013580322265625
AS Weight: 48
AS計算時間: 0.0005450248718261719

第 2 次
[[ 0 20  3 23]
 [20  0 11  2]
 [ 3 11  0 22]
 [23  2 22  0]]
DP Weight: 39
DP計算時間: 8.296966552734375e-05
AS Weight: 39
AS計算時間: 0.0005238056182861328

第 3 次
[[ 0 27 29  1]
 [27  0  4  4]
 [29  4  0 26]
 [ 1  4 26  0]]
DP Weight: 38
DP計算時間: 8.20159912109375e-05
AS Weight: 38
AS計算時間: 0.0005688667297363281

第 4 次
[[ 0 11  3  9]
 [11  0 29 28]
 [ 3 29  0  4]
 [ 9 28  4  0]]
DP Weight: 46
DP計算時間: 8.20159912109375e-05
AS Weight: 46
AS計算時間: 0.000518798828125

第 5 次
[[ 0 28  2 11]
 [28  0 24  3]
 [ 2 24  0 12]
 [11  3 12  0]]
DP Weight: 40
DP計算時間: 8.0108642578125e-05
AS Weight: 40
AS計算時間: 0.0005290508270263672


------------  5 x 5  ------------
第 1 次
[[ 0 11 16 25 13]
 [11  0 21 26 12]
 [16 21  0 18  6]
 [25 26 18  0  8]
 [13 12  6  8  0]]
DP Weight: 65
DP計算時間: 0.0002391338348388672
AS Weight: 65
AS計算時間: 0.0007710456848144531

第 2 次
[[ 0  6 13 14  6]
 [ 6  0 16 14  7]
 [13 16  0  6 13]
 [14 14  6  0 19]
 [ 6  7 13 19  0]]
DP Weight: 45
DP計算時間: 0.00023698806762695312
AS Weight: 45
AS計算時間: 0.0007448196411132812

第 3 次
[[ 0 18 15  1  7]
 [18  0 18  8 10]
 [15 18  0 12 22]
 [ 1  8 12  0 12]
 [ 7 10 22 12  0]]
DP Weight: 48
DP計算時間: 0.00023794174194335938
AS Weight: 56
AS計算時間: 0.0007560253143310547

第 4 次
[[ 0 13 22  5 22]
 [13  0  6  6 16]
 [22  6  0 12 23]
 [ 5  6 12  0 16]
 [22 16 23 16  0]]
DP Weight: 61
DP計算時間: 0.00022912025451660156
AS Weight: 61
AS計算時間: 0.000762939453125

第 5 次
[[ 0  9 24  9 27]
 [ 9  0 17 12 24]
 [24 17  0 14 24]
 [ 9 12 14  0  5]
 [27 24 24  5  0]]
DP Weight: 64
DP計算時間: 0.00022792816162109375
AS Weight: 64
AS計算時間: 0.0007550716400146484


------------  6 x 6  ------------
第 1 次
[[ 0 29  4  1 28 21]
 [29  0 13  8 17  4]
 [ 4 13  0 20 17 24]
 [ 1  8 20  0 28 19]
 [28 17 17 28  0 21]
 [21  4 24 19 21  0]]
DP Weight: 55
DP計算時間: 0.0009520053863525391
AS Weight: 55
AS計算時間: 0.0012810230255126953

第 2 次
[[ 0 15 18  7 11 25]
 [15  0 20 10 20 18]
 [18 20  0 29 10 29]
 [ 7 10 29  0  8 13]
 [11 20 10  8  0 17]
 [25 18 29 13 17  0]]
DP Weight: 79
DP計算時間: 0.0012938976287841797
AS Weight: 79
AS計算時間: 0.0011229515075683594

第 3 次
[[ 0 24  6  7 28 24]
 [24  0 15 27 20 24]
 [ 6 15  0 16  6 25]
 [ 7 27 16  0 20  2]
 [28 20  6 20  0 20]
 [24 24 25  2 20  0]]
DP Weight: 65
DP計算時間: 0.000946044921875
AS Weight: 65
AS計算時間: 0.0012049674987792969

第 4 次
[[ 0 14 20 26 19 25]
 [14  0 20 26 17 25]
 [20 20  0 26 13 16]
 [26 26 26  0 18  4]
 [19 17 13 18  0 27]
 [25 25 16  4 27  0]]
DP Weight: 89
DP計算時間: 0.0007719993591308594
AS Weight: 94
AS計算時間: 0.0010600090026855469

第 5 次
[[ 0 24 21  8  2 26]
 [24  0 10  3  4  3]
 [21 10  0 10 20  2]
 [ 8  3 10  0 18 11]
 [ 2  4 20 18  0 11]
 [26  3  2 11 11  0]]
DP Weight: 29
DP計算時間: 0.0007889270782470703
AS Weight: 36
AS計算時間: 0.0010960102081298828


------------  7 x 7  ------------
第 1 次
[[ 0 16 13 11 17  3 22]
 [16  0 21 25 19 12  9]
 [13 21  0 18  4 24 25]
 [11 25 18  0 24 10 14]
 [17 19  4 24  0 10 15]
 [ 3 12 24 10 10  0 21]
 [22  9 25 14 15 21  0]]
DP Weight: 72
DP計算時間: 0.0024712085723876953
AS Weight: 72
AS計算時間: 0.0013768672943115234

第 2 次
[[ 0 20  2 17 26  5  1]
 [20  0  2  4 18 19 11]
 [ 2  2  0 11 13 26 29]
 [17  4 11  0 14 25 22]
 [26 18 13 14  0  2 27]
 [ 5 19 26 25  2  0 12]
 [ 1 11 29 22 27 12  0]]
DP Weight: 37
DP計算時間: 0.002340078353881836
AS Weight: 37
AS計算時間: 0.0014078617095947266

第 3 次
[[ 0 17 16  9 26 29 28]
 [17  0 17 26  4  5 19]
 [16 17  0 19 26 18 26]
 [ 9 26 19  0  6 28 29]
 [26  4 26  6  0  3 13]
 [29  5 18 28  3  0 16]
 [28 19 26 29 13 16  0]]
DP Weight: 82
DP計算時間: 0.0023610591888427734
AS Weight: 82
AS計算時間: 0.0014090538024902344

第 4 次
[[ 0 28 18  1 29  7 16]
 [28  0 17 11 20 12 13]
 [18 17  0 19  7  8 23]
 [ 1 11 19  0  3  9  6]
 [29 20  7  3  0  8  2]
 [ 7 12  8  9  8  0 14]
 [16 13 23  6  2 14  0]]
DP Weight: 49
DP計算時間: 0.0023369789123535156
AS Weight: 51
AS計算時間: 0.0014300346374511719

第 5 次
[[ 0 20 21 13 27 29  5]
 [20  0  1 29 29  9 22]
 [21  1  0 19  9 14 26]
 [13 29 19  0 22 19 10]
 [27 29  9 22  0  6  6]
 [29  9 14 19  6  0 25]
 [ 5 22 26 10  6 25  0]]
DP Weight: 59
DP計算時間: 0.005429983139038086
AS Weight: 59
AS計算時間: 0.0015850067138671875


------------  8 x 8  ------------
第 1 次
[[ 0 17 26 23 18  6 26  8]
 [17  0  5 10  8 25 10 20]
 [26  5  0 24  6 19 17 16]
 [23 10 24  0 19  5 27 12]
 [18  8  6 19  0 18 21 23]
 [ 6 25 19  5 18  0 21 10]
 [26 10 17 27 21 21  0  5]
 [ 8 20 16 12 23 10  5  0]]
DP Weight: 64
DP計算時間: 0.006982088088989258
AS Weight: 64
AS計算時間: 0.001714944839477539

第 2 次
[[ 0  2  4  7 24  6 18 27]
 [ 2  0 18 25 16 23 11 22]
 [ 4 18  0  8 22 18  9 29]
 [ 7 25  8  0 19  9 29 16]
 [24 16 22 19  0  9  8 26]
 [ 6 23 18  9  9  0 26 13]
 [18 11  9 29  8 26  0 13]
 [27 22 29 16 26 13 13  0]]
DP Weight: 71
DP計算時間: 0.007119894027709961
AS Weight: 73
AS計算時間: 0.0017268657684326172

第 3 次
[[ 0 14 28 25 25 17 27  4]
 [14  0  5 29 18 27 10 14]
 [28  5  0 25  5  1  4  9]
 [25 29 25  0  9 26  4 15]
 [25 18  5  9  0  8  6 11]
 [17 27  1 26  8  0 14  8]
 [27 10  4  4  6 14  0 15]
 [ 4 14  9 15 11  8 15  0]]
DP Weight: 55
DP計算時間: 0.006713151931762695
AS Weight: 57
AS計算時間: 0.0017361640930175781

第 4 次
[[ 0 14  4  8  6 25 23 14]
 [14  0 18 21 24 12 14  2]
 [ 4 18  0 16 10 24  3  1]
 [ 8 21 16  0 27 10 25 28]
 [ 6 24 10 27  0 20 23 29]
 [25 12 24 10 20  0  1 29]
 [23 14  3 25 23  1  0  1]
 [14  2  1 28 29 29  1  0]]
DP Weight: 52
DP計算時間: 0.006685018539428711
AS Weight: 52
AS計算時間: 0.0016989707946777344

第 5 次
[[ 0 20  3 15 20 15  8 14]
 [20  0 22 14 22 12 17  7]
 [ 3 22  0 24 23 26 29  1]
 [15 14 24  0 24 29 26 25]
 [20 22 23 24  0 16  1 11]
 [15 12 26 29 16  0 13 23]
 [ 8 17 29 26  1 13  0  5]
 [14  7  1 25 11 23  5  0]]
DP Weight: 67
DP計算時間: 0.006525993347167969
AS Weight: 75
AS計算時間: 0.001936197280883789


------------  9 x 9  ------------
第 1 次
[[ 0 20 14 14  7 18 11 10 29]
 [20  0 25 10  4 23  2  7 18]
 [14 25  0 28 21 27  2 17 22]
 [14 10 28  0 20 12 16 26  1]
 [ 7  4 21 20  0  8 22  3  9]
 [18 23 27 12  8  0  5 11 25]
 [11  2  2 16 22  5  0 18 10]
 [10  7 17 26  3 11 18  0 12]
 [29 18 22  1  9 25 10 12  0]]
DP Weight: 64
DP計算時間: 0.017831087112426758
AS Weight: 68
AS計算時間: 0.002540111541748047

第 2 次
[[ 0 20 17 19  7 13  4 20 16]
 [20  0  2 11 24 23 16 10 22]
 [17  2  0 15 16 11 26  4 28]
 [19 11 15  0  9 11 28  8 18]
 [ 7 24 16  9  0 29 15 17 26]
 [13 23 11 11 29  0  8 18 18]
 [ 4 16 26 28 15  8  0  6  7]
 [20 10  4  8 17 18  6  0 11]
 [16 22 28 18 26 18  7 11  0]]
DP Weight: 72
DP計算時間: 0.018304109573364258
AS Weight: 72
AS計算時間: 0.0019621849060058594

第 3 次
[[ 0  9 16  7  5 16  1 11  1]
 [ 9  0 18 17  8 23 20 23 16]
 [16 18  0  7  5 11 22 29 23]
 [ 7 17  7  0 11 16  2 20  9]
 [ 5  8  5 11  0 26 16  3 12]
 [16 23 11 16 26  0  5 23  6]
 [ 1 20 22  2 16  5  0 26  7]
 [11 23 29 20  3 23 26  0 10]
 [ 1 16 23  9 12  6  7 10  0]]
DP Weight: 57
DP計算時間: 0.01775813102722168
AS Weight: 66
AS計算時間: 0.002042055130004883

第 4 次
[[ 0 15 14 28  1 15 23 27 13]
 [15  0 24  4  8 18  8  2 18]
 [14 24  0 11 18  3 19 23 10]
 [28  4 11  0  7  9 14 22  3]
 [ 1  8 18  7  0 11 28  8 10]
 [15 18  3  9 11  0 26 18  1]
 [23  8 19 14 28 26  0  3 24]
 [27  2 23 22  8 18  3  0 20]
 [13 18 10  3 10  1 24 20  0]]
DP Weight: 45
DP計算時間: 0.017570972442626953
AS Weight: 59
AS計算時間: 0.002096891403198242

第 5 次
[[ 0  2 17 19 25 16  3 23 13]
 [ 2  0  9  6 12 13 11 18 24]
 [17  9  0 18 19 18  3 20 12]
 [19  6 18  0 13 23 20 18  9]
 [25 12 19 13  0  7  3 27  6]
 [16 13 18 23  7  0  8 21 24]
 [ 3 11  3 20  3  8  0 10 15]
 [23 18 20 18 27 21 10  0  4]
 [13 24 12  9  6 24 15  4  0]]
DP Weight: 67
DP計算時間: 0.017614126205444336
AS Weight: 71
AS計算時間: 0.0019829273223876953


------------  10 x 10  ------------
第 1 次
[[ 0  8 18 14 21  6 10  1 26 16]
 [ 8  0 18 24  2 21 29  2 24 14]
 [18 18  0 19 11 10 26 27 13  9]
 [14 24 19  0 28  5 10 20 26  8]
 [21  2 11 28  0 25 10 20 21 20]
 [ 6 21 10  5 25  0 23 29 24 11]
 [10 29 26 10 10 23  0 26  5  1]
 [ 1  2 27 20 20 29 26  0 26  1]
 [26 24 13 26 21 24  5 26  0 17]
 [16 14  9  8 20 11  1  1 17  0]]
DP Weight: 54
DP計算時間: 0.05976390838623047
AS Weight: 54
AS計算時間: 0.0024690628051757812

第 2 次
[[ 0 28  9  6  9  2 12  3 24 20]
 [28  0 26 19  3  4  4 22  4 21]
 [ 9 26  0 23 12  9  3 26 21 10]
 [ 6 19 23  0 15 11 12  3  7 21]
 [ 9  3 12 15  0 11 17 14 21  3]
 [ 2  4  9 11 11  0 15  2 23  9]
 [12  4  3 12 17 15  0  8 18  8]
 [ 3 22 26  3 14  2  8  0  8  1]
 [24  4 21  7 21 23 18  8  0 11]
 [20 21 10 21  3  9  8  1 11  0]]
DP Weight: 44
DP計算時間: 0.05903911590576172
AS Weight: 53
AS計算時間: 0.002512216567993164

第 3 次
[[ 0  6 15 11 16 29  8  2 14 29]
 [ 6  0  5 19  6 27  6 11 14  4]
 [15  5  0 24  4 11  2  8 18  1]
 [11 19 24  0 26  5 21 26 29 24]
 [16  6  4 26  0  5  8 23 29 23]
 [29 27 11  5  5  0  1 26 25  3]
 [ 8  6  2 21  8  1  0 24 14 15]
 [ 2 11  8 26 23 26 24  0 18 19]
 [14 14 18 29 29 25 14 18  0  1]
 [29  4  1 24 23  3 15 19  1  0]]
DP Weight: 54
DP計算時間: 0.04842805862426758
AS Weight: 57
AS計算時間: 0.002360105514526367

第 4 次
[[ 0 15  6 11 15  5 25  3 28 11]
 [15  0 18 19 28 27 19 11 24  4]
 [ 6 18  0  1 22 28  8 27 19  1]
 [11 19  1  0  7  8 24  5 28  5]
 [15 28 22  7  0 29 19  8 26 23]
 [ 5 27 28  8 29  0 12 10 13 29]
 [25 19  8 24 19 12  0 17  6 14]
 [ 3 11 27  5  8 10 17  0 13 21]
 [28 24 19 28 26 13  6 13  0 14]
 [11  4  1  5 23 29 14 21 14  0]]
DP Weight: 67
DP計算時間: 0.04695487022399902
AS Weight: 71
AS計算時間: 0.002429962158203125

第 5 次
[[ 0 17 23 28  4 13  9 29 22 13]
 [17  0 16  7 20 11 14 13 15  9]
 [23 16  0  5 24 19 17 20  5 29]
 [28  7  5  0 15 16  2 22 17 16]
 [ 4 20 24 15  0 15  3 16  6 23]
 [13 11 19 16 15  0 14 27 18 24]
 [ 9 14 17  2  3 14  0  9 20 19]
 [29 13 20 22 16 27  9  0 16 11]
 [22 15  5 17  6 18 20 16  0  8]
 [13  9 29 16 23 24 19 11  8  0]]
DP Weight: 75
DP計算時間: 0.049162864685058594
AS Weight: 75
AS計算時間: 0.003200054168701172


------------  11 x 11  ------------
第 1 次
[[ 0 23 18 26 12 23 27 27 15  4  9]
 [23  0 26 14 18 26 24 27 21 22 18]
 [18 26  0 14 17  9 27  1 19 13  9]
 [26 14 14  0 24 11  6  8  7 22  4]
 [12 18 17 24  0 28 26 16 26 10 19]
 [23 26  9 11 28  0  1  5 25  7 19]
 [27 24 27  6 26  1  0  3 16  8 13]
 [27 27  1  8 16  5  3  0  1 20  2]
 [15 21 19  7 26 25 16  1  0 23  7]
 [ 4 22 13 22 10  7  8 20 23  0  3]
 [ 9 18  9  4 19 19 13  2  7  3  0]]
DP Weight: 76
DP計算時間: 0.14244389533996582
AS Weight: 83
AS計算時間: 0.0028069019317626953

第 2 次
[[ 0 22 12 25 24  7 11 20 27 12  2]
 [22  0  5 14 21 21  7 29 19  5  8]
 [12  5  0 29  9 11  8 12 16  9 25]
 [25 14 29  0 19  2  6 17  5  2 11]
 [24 21  9 19  0  8 21 25 14  3 22]
 [ 7 21 11  2  8  0 21 22  7 19 21]
 [11  7  8  6 21 21  0 13  1 28 26]
 [20 29 12 17 25 22 13  0  3 17 12]
 [27 19 16  5 14  7  1  3  0  9  4]
 [12  5  9  2  3 19 28 17  9  0  6]
 [ 2  8 25 11 22 21 26 12  4  6  0]]
DP Weight: 53
DP計算時間: 0.1267690658569336
AS Weight: 75
AS計算時間: 0.002846956253051758

第 3 次
[[ 0 16  6 25 28 10  2 14 26 21 24]
 [16  0  4  8  6 25 12 24 19  2 23]
 [ 6  4  0  1  1  8 18 25 16 16  5]
 [25  8  1  0  3 14  3  9  3  8 25]
 [28  6  1  3  0 12 10  5  6 16  1]
 [10 25  8 14 12  0 16 27 10 12  5]
 [ 2 12 18  3 10 16  0 14 11  8 11]
 [14 24 25  9  5 27 14  0 21 11  6]
 [26 19 16  3  6 10 11 21  0 14  2]
 [21  2 16  8 16 12  8 11 14  0 20]
 [24 23  5 25  1  5 11  6  2 20  0]]
DP Weight: 50
DP計算時間: 0.12350010871887207
AS Weight: 54
AS計算時間: 0.002794981002807617

第 4 次
[[ 0 13 21 13  2  5  7 18 17 16 20]
 [13  0 20 20  6  9  5 27  3 19  8]
 [21 20  0 21 20 18  4  1  1 24 28]
 [13 20 21  0 14  8 13 20 25  4  5]
 [ 2  6 20 14  0 27 29 22 17 24  4]
 [ 5  9 18  8 27  0  2 18 11  9 27]
 [ 7  5  4 13 29  2  0 10  3  4 26]
 [18 27  1 20 22 18 10  0  4  1 27]
 [17  3  1 25 17 11  3  4  0 25  8]
 [16 19 24  4 24  9  4  1 25  0  6]
 [20  8 28  5  4 27 26 27  8  6  0]]
DP Weight: 33
DP計算時間: 0.12819695472717285
AS Weight: 45
AS計算時間: 0.002808094024658203

第 5 次
[[ 0 18 23 25 24 29 26  9 16  7  7]
 [18  0 14 27 14  3 12 16 18 28 22]
 [23 14  0  4 22  1 20 21  2 21 18]
 [25 27  4  0  9 13 16 27 27 15 27]
 [24 14 22  9  0 20  5  8 17 12 14]
 [29  3  1 13 20  0 13 22 16 10 28]
 [26 12 20 16  5 13  0 26 21 24 16]
 [ 9 16 21 27  8 22 26  0 24  5 18]
 [16 18  2 27 17 16 21 24  0  5 22]
 [ 7 28 21 15 12 10 24  5  5  0  6]
 [ 7 22 18 27 14 28 16 18 22  6  0]]
DP Weight: 74
DP計算時間: 0.1361839771270752
AS Weight: 87
AS計算時間: 0.002872943878173828


------------  12 x 12  ------------
第 1 次
[[ 0  2  9 20  7 18  9  7 27 19  4  7]
 [ 2  0  3 16  3 17 19  4  3 27 15  2]
 [ 9  3  0 19 21 22  1 23  5  9  7 19]
 [20 16 19  0 15 21  3 16 18 26  6 19]
 [ 7  3 21 15  0  9 22  1 11 29 22  6]
 [18 17 22 21  9  0  4 22 13 18 28  4]
 [ 9 19  1  3 22  4  0 21 20 13  2  5]
 [ 7  4 23 16  1 22 21  0 12 20 12  7]
 [27  3  5 18 11 13 20 12  0 25 25  4]
 [19 27  9 26 29 18 13 20 25  0 24  5]
 [ 4 15  7  6 22 28  2 12 25 24  0 27]
 [ 7  2 19 19  6  4  5  7  4  5 27  0]]
DP Weight: 54
DP計算時間: 0.32497596740722656
AS Weight: 81
AS計算時間: 0.0034568309783935547

第 2 次
[[ 0 17 19 16 26 16  1 17  6 27 10 14]
 [17  0 14  5 29 23 18 23 13 13 16 23]
 [19 14  0 20  3 25 12 23 14 28  3  8]
 [16  5 20  0  3 24 15 18 27 22 18  3]
 [26 29  3  3  0 23 11 10  3 28  3  3]
 [16 23 25 24 23  0  4 17 25  1 10 14]
 [ 1 18 12 15 11  4  0 26  8  4 23  7]
 [17 23 23 18 10 17 26  0  9 16 25  6]
 [ 6 13 14 27  3 25  8  9  0  8 23  6]
 [27 13 28 22 28  1  4 16  8  0 29 12]
 [10 16  3 18  3 10 23 25 23 29  0 18]
 [14 23  8  3  3 14  7  6  6 12 18  0]]
DP Weight: 61
DP計算時間: 0.3349490165710449
AS Weight: 67
AS計算時間: 0.003245830535888672

第 3 次
[[ 0 20 10 21  6  8 20 27 27 16 25  4]
 [20  0 28  1 17  8  2 29  6  8 18 13]
 [10 28  0 20  5 11 20 25 28  1 17 28]
 [21  1 20  0 23  8 28  2 22 27 16 25]
 [ 6 17  5 23  0  4  6 26 13  9 20 26]
 [ 8  8 11  8  4  0  8 20 27 21 27 13]
 [20  2 20 28  6  8  0 11 13 27 15 16]
 [27 29 25  2 26 20 11  0 29 21 22  1]
 [27  6 28 22 13 27 13 29  0  6  4 25]
 [16  8  1 27  9 21 27 21  6  0  9 22]
 [25 18 17 16 20 27 15 22  4  9  0 27]
 [ 4 13 28 25 26 13 16  1 25 22 27  0]]
DP Weight: 53
DP計算時間: 0.321058988571167
AS Weight: 71
AS計算時間: 0.0033020973205566406

第 4 次
[[ 0 28 12 26  8 18  6  3 11  3  8  3]
 [28  0 11 28  9  3 27 18  3 29 26  8]
 [12 11  0 10 18 26 19  9 17 24  4 11]
 [26 28 10  0 13 24  3 19 24  6  3 11]
 [ 8  9 18 13  0 28 26  1 18 22  9 11]
 [18  3 26 24 28  0  1 11 11 22  9 16]
 [ 6 27 19  3 26  1  0 18  2  9 13  3]
 [ 3 18  9 19  1 11 18  0 20 19  2 19]
 [11  3 17 24 18 11  2 20  0 15  9 27]
 [ 3 29 24  6 22 22  9 19 15  0 21  6]
 [ 8 26  4  3  9  9 13  2  9 21  0 10]
 [ 3  8 11 11 11 16  3 19 27  6 10  0]]
DP Weight: 56
DP計算時間: 0.3335890769958496
AS Weight: 60
AS計算時間: 0.0034089088439941406

第 5 次
[[ 0  7 17 25 11 22 20 25 28 10 16  1]
 [ 7  0 18 12  8  6  9 19 28 24 21  7]
 [17 18  0 23 14 17 29 15 23 25  9  1]
 [25 12 23  0 21 11 27  9  8 15 11  6]
 [11  8 14 21  0 11 21  6 29 16 10 18]
 [22  6 17 11 11  0  9 10 12 27 18  6]
 [20  9 29 27 21  9  0 22 14 21  2 13]
 [25 19 15  9  6 10 22  0  3  5  2 18]
 [28 28 23  8 29 12 14  3  0 28 13 24]
 [10 24 25 15 16 27 21  5 28  0  9  5]
 [16 21  9 11 10 18  2  2 13  9  0  4]
 [ 1  7  1  6 18  6 13 18 24  5  4  0]]
DP Weight: 78
DP計算時間: 0.33464479446411133
AS Weight: 90
AS計算時間: 0.0033071041107177734


------------  13 x 13  ------------
第 1 次
[[ 0 26 25 16 12 17 25 23 15  3 12  7 23]
 [26  0 25  3 12 10  8 21 22  8 20 10  2]
 [25 25  0 22  6  9 15  2 17 24 22 26 18]
 [16  3 22  0 14 23  3  5 27 13 20 11  7]
 [12 12  6 14  0  4 14  5 25  7 29 28  9]
 [17 10  9 23  4  0 10 13 24  2 13  3  1]
 [25  8 15  3 14 10  0 14 25 26  5 25 22]
 [23 21  2  5  5 13 14  0 17  7 25 24 24]
 [15 22 17 27 25 24 25 17  0 10 14 20  3]
 [ 3  8 24 13  7  2 26  7 10  0 29 19 10]
 [12 20 22 20 29 13  5 25 14 29  0 12  8]
 [ 7 10 26 11 28  3 25 24 20 19 12  0 17]
 [23  2 18  7  9  1 22 24  3 10  8 17  0]]
DP Weight: 65
DP計算時間: 0.8166530132293701
AS Weight: 72
AS計算時間: 0.0037660598754882812

第 2 次
[[ 0 19 24 19 19  5  4 22 14  7 19 13 12]
 [19  0 16 10 26 13 20  9 29 29 23 15 28]
 [24 16  0 16 16 14 22 19 13 25 17  1 26]
 [19 10 16  0 17 22  6 19  8  2  9 21  7]
 [19 26 16 17  0  4 26  8 25 24  1  9  3]
 [ 5 13 14 22  4  0 20 22 20 13 10  3  3]
 [ 4 20 22  6 26 20  0  4 10 14 18 29 13]
 [22  9 19 19  8 22  4  0 14 18  1 29  3]
 [14 29 13  8 25 20 10 14  0 24 23 14 28]
 [ 7 29 25  2 24 13 14 18 24  0 27  5 29]
 [19 23 17  9  1 10 18  1 23 27  0  6 24]
 [13 15  1 21  9  3 29 29 14  5  6  0  2]
 [12 28 26  7  3  3 13  3 28 29 24  2  0]]
DP Weight: 67
DP計算時間: 0.8062500953674316
AS Weight: 77
AS計算時間: 0.0037698745727539062

第 3 次
[[ 0 13  8  1 28  2 24  1 15  7 10 29 23]
 [13  0 28 27 18 16  1  8 20 19 24 13 21]
 [ 8 28  0  7 15  5  2  5  3 25  4  2 17]
 [ 1 27  7  0 14 19 25  6 15 29 16  1 25]
 [28 18 15 14  0  4  7 14 29 21 16 18 13]
 [ 2 16  5 19  4  0  1 23 21 18 25 12  8]
 [24  1  2 25  7  1  0 15  3 26  5 28 25]
 [ 1  8  5  6 14 23 15  0 14 11 28 20 21]
 [15 20  3 15 29 21  3 14  0 21 12 13  1]
 [ 7 19 25 29 21 18 26 11 21  0 27 22 10]
 [10 24  4 16 16 25  5 28 12 27  0 23 28]
 [29 13  2  1 18 12 28 20 13 22 23  0 17]
 [23 21 17 25 13  8 25 21  1 10 28 17  0]]
DP Weight: 64
DP計算時間: 0.8223881721496582
AS Weight: 84
AS計算時間: 0.003771066665649414

第 4 次
[[ 0 16 11  5  8 17  1 18 21 17  8  1 27]
 [16  0  2 23  2 22  7 28 13  3 26  3 29]
 [11  2  0 27 21  8 20 23 16 21 27  1 22]
 [ 5 23 27  0  2 11 23  2 11 13 25  6 20]
 [ 8  2 21  2  0 24 12 21  4  7  8 28 18]
 [17 22  8 11 24  0 18 21 19  3 25 24 23]
 [ 1  7 20 23 12 18  0  6 28 29  9  4  8]
 [18 28 23  2 21 21  6  0 24  6 22 16  6]
 [21 13 16 11  4 19 28 24  0 15  6 12 17]
 [17  3 21 13  7  3 29  6 15  0 18 27 22]
 [ 8 26 27 25  8 25  9 22  6 18  0 27 12]
 [ 1  3  1  6 28 24  4 16 12 27 27  0 26]
 [27 29 22 20 18 23  8  6 17 22 12 26  0]]
DP Weight: 57
DP計算時間: 0.8157360553741455
AS Weight: 65
AS計算時間: 0.004102945327758789

第 5 次
[[ 0  2 23 29  5  6 24 22  9 23 29  2 12]
 [ 2  0  9 24 15 10 19 25 14  2 20 18 19]
 [23  9  0 20 18  7 21 12 21 28 27 12  1]
 [29 24 20  0  3  7  1 25  4 17 21 21 13]
 [ 5 15 18  3  0 15 14 11  2  5  2  3  8]
 [ 6 10  7  7 15  0 15 25 11 21  4  2 12]
 [24 19 21  1 14 15  0 20  2 26  6 22 16]
 [22 25 12 25 11 25 20  0 18 23 21  2  6]
 [ 9 14 21  4  2 11  2 18  0  4 28 12 25]
 [23  2 28 17  5 21 26 23  4  0 20 20  5]
 [29 20 27 21  2  4  6 21 28 20  0 12  8]
 [ 2 18 12 21  3  2 22  2 12 20 12  0 11]
 [12 19  1 13  8 12 16  6 25  5  8 11  0]]
DP Weight: 38
DP計算時間: 0.8195359706878662
AS Weight: 38
AS計算時間: 0.003779888153076172


------------  14 x 14  ------------
第 1 次
[[ 0 17  2 21  2 16 27  2  8 15  5 17 11 16]
 [17  0 19 27 25 26  6 29  3  2 18 11 26 18]
 [ 2 19  0  5  5  9 20 20 12 15 19 21 27  8]
 [21 27  5  0 12  1 29  9  1 14 20 28  2 28]
 [ 2 25  5 12  0 24 21  1 20 29 22 13 15 19]
 [16 26  9  1 24  0  5 17 10 27  6 29  9 22]
 [27  6 20 29 21  5  0  7  8 20  6 19 10 20]
 [ 2 29 20  9  1 17  7  0  4  7  1 19 25 15]
 [ 8  3 12  1 20 10  8  4  0 18 27 29 28  7]
 [15  2 15 14 29 27 20  7 18  0 22 10 28  4]
 [ 5 18 19 20 22  6  6  1 27 22  0 11  6 15]
 [17 11 21 28 13 29 19 19 29 10 11  0 21 10]
 [11 26 27  2 15  9 10 25 28 28  6 21  0 22]
 [16 18  8 28 19 22 20 15  7  4 15 10 22  0]]
DP Weight: 61
DP計算時間: 2.016972064971924
AS Weight: 78
AS計算時間: 0.0042531490325927734

第 2 次
[[ 0 13  2 11 29 18 10  2  6 12 13  1 10  9]
 [13  0 27  4 13  1 26 20 13 13 23 15 29  4]
 [ 2 27  0  2 16  1  2 13  7 14 26 10 12 20]
 [11  4  2  0 19 18 23 17 12 20 12 14  7 17]
 [29 13 16 19  0  1 26 15 18 22  3  2  5 25]
 [18  1  1 18  1  0 21 13 16 15 29 28 19 24]
 [10 26  2 23 26 21  0  4  7 21 24  9  4 25]
 [ 2 20 13 17 15 13  4  0 13  3  8  2 21 27]
 [ 6 13  7 12 18 16  7 13  0 26 23  7  1  9]
 [12 13 14 20 22 15 21  3 26  0 17 11 22  9]
 [13 23 26 12  3 29 24  8 23 17  0 29  3 15]
 [ 1 15 10 14  2 28  9  2  7 11 29  0 13  3]
 [10 29 12  7  5 19  4 21  1 22  3 13  0 24]
 [ 9  4 20 17 25 24 25 27  9  9 15  3 24  0]]
DP Weight: 43
DP計算時間: 2.039262056350708
AS Weight: 52
AS計算時間: 0.0053539276123046875

第 3 次
[[ 0 26  6 22 27 17  6 21 22  8 14 20 16 26]
 [26  0 28  2 16 19  5  6 13 25 22  3 15  8]
 [ 6 28  0 10 20  6  3  3 28  2  1 13  2 14]
 [22  2 10  0 12  3 23  1  1 22  4 25  9  3]
 [27 16 20 12  0 23  1 19  1 12 18 27 13  2]
 [17 19  6  3 23  0  8 13  1 18 25 19 25 15]
 [ 6  5  3 23  1  8  0 16 27 27  6 19 23 25]
 [21  6  3  1 19 13 16  0 27 28 27 10 22 26]
 [22 13 28  1  1  1 27 27  0  3 12 18  7 28]
 [ 8 25  2 22 12 18 27 28  3  0 20  7 13  6]
 [14 22  1  4 18 25  6 27 12 20  0  7 17 14]
 [20  3 13 25 27 19 19 10 18  7  7  0  4 16]
 [16 15  2  9 13 25 23 22  7 13 17  4  0 14]
 [26  8 14  3  2 15 25 26 28  6 14 16 14  0]]
DP Weight: 50
DP計算時間: 2.097275972366333
AS Weight: 78
AS計算時間: 0.004419088363647461

第 4 次
[[ 0 14 22 16 20 26 11  5 15  4  7 18  9  4]
 [14  0  1 23 11  1  3  6  4  2 17 17  6 12]
 [22  1  0 11  5 16  5  7 21 10  6 12 12 12]
 [16 23 11  0 17 10 25  1 25 20 17 20 16  7]
 [20 11  5 17  0  2 14  3  1  9 19 13 22 23]
 [26  1 16 10  2  0 15  5  8  2 11  7  6  6]
 [11  3  5 25 14 15  0 13 19 29 29  5 11 12]
 [ 5  6  7  1  3  5 13  0 22 14 10 15 27 24]
 [15  4 21 25  1  8 19 22  0  8  5 20 28  6]
 [ 4  2 10 20  9  2 29 14  8  0 27 12  5 27]
 [ 7 17  6 17 19 11 29 10  5 27  0 17 24 21]
 [18 17 12 20 13  7  5 15 20 12 17  0  7 17]
 [ 9  6 12 16 22  6 11 27 28  5 24  7  0  2]
 [ 4 12 12  7 23  6 12 24  6 27 21 17  2  0]]
DP Weight: 51
DP計算時間: 2.079155921936035
AS Weight: 64
AS計算時間: 0.0045299530029296875

第 5 次
[[ 0 28 13  8 12 20  8 26 21  7 19 24  5  3]
 [28  0 17 25 18  4 20 17  8 29 16  2 13  3]
 [13 17  0 28 11 17 19  7  5 13 21  1 22 27]
 [ 8 25 28  0  1 19  5  1  4  8  9 18 14 11]
 [12 18 11  1  0 11 23  6  9 13 12  8 10 17]
 [20  4 17 19 11  0 25 26 27 18 12 16  6  9]
 [ 8 20 19  5 23 25  0 26 19 13  1  2 19 10]
 [26 17  7  1  6 26 26  0 14 23  1 29  6 21]
 [21  8  5  4  9 27 19 14  0  8  5  1 17 19]
 [ 7 29 13  8 13 18 13 23  8  0 10 12 16 10]
 [19 16 21  9 12 12  1  1  5 10  0 25 25 11]
 [24  2  1 18  8 16  2 29  1 12 25  0 28  6]
 [ 5 13 22 14 10  6 19  6 17 16 25 28  0 29]
 [ 3  3 27 11 17  9 10 21 19 10 11  6 29  0]]
DP Weight: 53
DP計算時間: 2.08203387260437
AS Weight: 61
AS計算時間: 0.004539966583251953


------------  15 x 15  ------------
第 1 次
[[ 0 25  7 14 10  5 15  2  5 20  7 13 10 20  4]
 [25  0 15 27  1 15 13 12 29 26 29  3 24 16 14]
 [ 7 15  0 10  8  2 18 27 16 18 14 23 24 14  7]
 [14 27 10  0 24 11 23  9  7 27  5 21  6 21 17]
 [10  1  8 24  0 23 19 21 11  2 14 23 24 29 10]
 [ 5 15  2 11 23  0 14 23 10 15  8 24 24  2 13]
 [15 13 18 23 19 14  0  2  6 22 26 15  3 10 22]
 [ 2 12 27  9 21 23  2  0 26 19  8 14 10 14  8]
 [ 5 29 16  7 11 10  6 26  0 17  5 11 16 27 11]
 [20 26 18 27  2 15 22 19 17  0 21 29  2 24 14]
 [ 7 29 14  5 14  8 26  8  5 21  0  7 10 22 19]
 [13  3 23 21 23 24 15 14 11 29  7  0 17 27  8]
 [10 24 24  6 24 24  3 10 16  2 10 17  0 20 12]
 [20 16 14 21 29  2 10 14 27 24 22 27 20  0 28]
 [ 4 14  7 17 10 13 22  8 11 14 19  8 12 28  0]]
DP Weight: 62
DP計算時間: 5.0301899909973145
AS Weight: 80
AS計算時間: 0.004948854446411133

第 2 次
[[ 0 13 21 16 16 23 26  3 13 28  3 18  4 21  1]
 [13  0 14 24 20  2  4 21 18  4 13 22 25 14  6]
 [21 14  0  8 21  7 11 18  1 14 23  5  6  6 17]
 [16 24  8  0  1 16 15  1  9 20 12 21  9  6  8]
 [16 20 21  1  0 23 27 16 13  7 18 10 13 15  2]
 [23  2  7 16 23  0 27  4  8 19 28  2 28 19  2]
 [26  4 11 15 27 27  0 11 14 21 10  3 29  7 29]
 [ 3 21 18  1 16  4 11  0  4 24 13 12 27 11 11]
 [13 18  1  9 13  8 14  4  0 22 11 22 11  7  6]
 [28  4 14 20  7 19 21 24 22  0 16 18 15 28  7]
 [ 3 13 23 12 18 28 10 13 11 16  0 24 18 29 27]
 [18 22  5 21 10  2  3 12 22 18 24  0 28 20  8]
 [ 4 25  6  9 13 28 29 27 11 15 18 28  0  6 15]
 [21 14  6  6 15 19  7 11  7 28 29 20  6  0  3]
 [ 1  6 17  8  2  2 29 11  6  7 27  8 15  3  0]]
DP Weight: 54
DP計算時間: 4.949367046356201
AS Weight: 65
AS計算時間: 0.0050280094146728516

第 3 次
[[ 0 25  4 12 18  1 28 13 20  8 12 19 16  8 11]
 [25  0  4 10 21 15  3 10  1 12 22  2  3  8  1]
 [ 4  4  0 29  7  4 16 14  2 17 11  8  3  8 16]
 [12 10 29  0 29  7  8 13 29 16 10  3 22 16 24]
 [18 21  7 29  0 28 26  5  3 29 28 25 25  3 12]
 [ 1 15  4  7 28  0  6 11 21  3 22 14 25 28 28]
 [28  3 16  8 26  6  0 15 15 14 23 14  8 12 29]
 [13 10 14 13  5 11 15  0  3 12 27 14 10 13 14]
 [20  1  2 29  3 21 15  3  0  4 20 28 22  1  7]
 [ 8 12 17 16 29  3 14 12  4  0 20 23 24 21 15]
 [12 22 11 10 28 22 23 27 20 20  0 29 27 26 24]
 [19  2  8  3 25 14 14 14 28 23 29  0  7 13 29]
 [16  3  3 22 25 25  8 10 22 24 27  7  0  7 14]
 [ 8  8  8 16  3 28 12 13  1 21 26 13  7  0 14]
 [11  1 16 24 12 28 29 14  7 15 24 29 14 14  0]]
DP Weight: 78
DP計算時間: 5.158591032028198
AS Weight: 102
AS計算時間: 0.005511045455932617

第 4 次
[[ 0  5  3  6 25 29 14 23  8 29 29 14 18 18 19]
 [ 5  0 11 13 23  2  1  6 13 24  2 27  8 20  7]
 [ 3 11  0 22  4 15  5  8 15  5  9 18 29 11 19]
 [ 6 13 22  0 28 19  5 18  4 25  5 25  5 25 17]
 [25 23  4 28  0 18 14  5 13  7 16  5 29  9 11]
 [29  2 15 19 18  0 17 11 29 28  9 25 12 19 28]
 [14  1  5  5 14 17  0 10 12 22  5  8 13  6 15]
 [23  6  8 18  5 11 10  0 14 12 12 20 24 16  7]
 [ 8 13 15  4 13 29 12 14  0 15  2 19  9 22  5]
 [29 24  5 25  7 28 22 12 15  0  2  9 29 29 22]
 [29  2  9  5 16  9  5 12  2  2  0  6 19 21  3]
 [14 27 18 25  5 25  8 20 19  9  6  0 13 29 18]
 [18  8 29  5 29 12 13 24  9 29 19 13  0 14 29]
 [18 20 11 25  9 19  6 16 22 29 21 29 14  0  3]
 [19  7 19 17 11 28 15  7  5 22  3 18 29  3  0]]
DP Weight: 74
DP計算時間: 5.087984085083008
AS Weight: 90
AS計算時間: 0.00495600700378418

第 5 次
[[ 0 12 13  9 28 11  4 21  7  1 24 12 21 27 12]
 [12  0 24  6 10  8  1  8 11 20  5 17 25 29 21]
 [13 24  0  2 26  3 27  1 12 13 12  5  8 24 21]
 [ 9  6  2  0 20 22 13 17  3 19  2 17 25  2  5]
 [28 10 26 20  0 26  1 27 22 21 22 11 22 12  6]
 [11  8  3 22 26  0 23 23  1 18 24 23 22 17 20]
 [ 4  1 27 13  1 23  0  8  3  9 27  5 29 26  8]
 [21  8  1 17 27 23  8  0 21 21 10 23 16 26 17]
 [ 7 11 12  3 22  1  3 21  0 26  8 24  1 19 28]
 [ 1 20 13 19 21 18  9 21 26  0 23  2  8 18 18]
 [24  5 12  2 22 24 27 10  8 23  0 22 17 17 11]
 [12 17  5 17 11 23  5 23 24  2 22  0 26 25 25]
 [21 25  8 25 22 22 29 16  1  8 17 26  0 27 21]
 [27 29 24  2 12 17 26 26 19 18 17 25 27  0 17]
 [12 21 21  5  6 20  8 17 28 18 11 25 21 17  0]]
DP Weight: 71
DP計算時間: 5.078325033187866
AS Weight: 83
AS計算時間: 0.005259990692138672


------------  16 x 16  ------------
第 1 次
[[ 0 29  8 19 25 19  2 23 29 21 13  3  2 24 25 14]
 [29  0  7 12 20 29  9 14  3 15 29 13 18  1 25 21]
 [ 8  7  0 17 16 13 21 12  3 16  3  6  2 12 24 12]
 [19 12 17  0 11 27 21  3  2 27 20 17 23  6  4  7]
 [25 20 16 11  0 26  7 27  3 28 24 22 24 24 20  1]
 [19 29 13 27 26  0  1 14  6  8  8 15  5 12 23 20]
 [ 2  9 21 21  7  1  0  5 21 21 13 20  6 21 16  6]
 [23 14 12  3 27 14  5  0 23 26  4 16 17 23 20 18]
 [29  3  3  2  3  6 21 23  0  5 13 14  9  4  7 10]
 [21 15 16 27 28  8 21 26  5  0 27 16 21  8  9  3]
 [13 29  3 20 24  8 13  4 13 27  0 25 15 29 13 22]
 [ 3 13  6 17 22 15 20 16 14 16 25  0 25 16  6 16]
 [ 2 18  2 23 24  5  6 17  9 21 15 25  0 12 28 20]
 [24  1 12  6 24 12 21 23  4  8 29 16 12  0 26 27]
 [25 25 24  4 20 23 16 20  7  9 13  6 28 26  0 27]
 [14 21 12  7  1 20  6 18 10  3 22 16 20 27 27  0]]
DP Weight: 55
DP計算時間: 12.539482116699219
AS Weight: 74
AS計算時間: 0.006485939025878906

第 2 次
[[ 0 29 17 18 21 20  2 18  8 26  3  1 24 10  7 29]
 [29  0 11 10 23 17 15  7 12 22  4 25  1 13 25  6]
 [17 11  0 19  3  4 29 28 28 15  6 14 12 12 13  6]
 [18 10 19  0 12  7 16 14 19 16  5 12 12  8 28 14]
 [21 23  3 12  0  4  1  6  3  5  4 27 16 12 21 13]
 [20 17  4  7  4  0  3  8 25 23 15  2 25 29 24 21]
 [ 2 15 29 16  1  3  0 27  6 24 26 25 25 11 20 13]
 [18  7 28 14  6  8 27  0 10 27 21 16 13  8  3  4]
 [ 8 12 28 19  3 25  6 10  0 21 19 13 19 11 19 24]
 [26 22 15 16  5 23 24 27 21  0  3  6  2 19  5 20]
 [ 3  4  6  5  4 15 26 21 19  3  0 29 28  6  1 14]
 [ 1 25 14 12 27  2 25 16 13  6 29  0 20 20  7 12]
 [24  1 12 12 16 25 25 13 19  2 28 20  0 22 13 15]
 [10 13 12  8 12 29 11  8 11 19  6 20 22  0  2  9]
 [ 7 25 13 28 21 24 20  3 19  5  1  7 13  2  0  9]
 [29  6  6 14 13 21 13  4 24 20 14 12 15  9  9  0]]
DP Weight: 58
DP計算時間: 12.447098970413208
AS Weight: 81
AS計算時間: 0.006403923034667969

第 3 次
[[ 0  2 28  5 24  5  1  8 20  2 10  1 22 17 19 19]
 [ 2  0 12  3  9 14  9 16 13 28  5  6 12  2 27 23]
 [28 12  0  3  2 19 16 17 24  4  2  2 29 21  1 15]
 [ 5  3  3  0 18  2 14 26 25  1 17 25 22 15  5 10]
 [24  9  2 18  0  7 28  8 18 15  7 29 11 26 15 24]
 [ 5 14 19  2  7  0  2 12 27 11 27 13 10  5  7 16]
 [ 1  9 16 14 28  2  0 28 10 28 20 20 21 23  2 27]
 [ 8 16 17 26  8 12 28  0  9 24  8 23 25  4 10 26]
 [20 13 24 25 18 27 10  9  0 11 16 11 26  3 27 12]
 [ 2 28  4  1 15 11 28 24 11  0 20 19 18  3  9 18]
 [10  5  2 17  7 27 20  8 16 20  0 14 19 21 10  3]
 [ 1  6  2 25 29 13 20 23 11 19 14  0  4 18 12 23]
 [22 12 29 22 11 10 21 25 26 18 19  4  0 27 18 15]
 [17  2 21 15 26  5 23  4  3  3 21 18 27  0 16 14]
 [19 27  1  5 15  7  2 10 27  9 10 12 18 16  0  6]
 [19 23 15 10 24 16 27 26 12 18  3 23 15 14  6  0]]
DP Weight: 60
DP計算時間: 12.51137399673462
AS Weight: 87
AS計算時間: 0.0054988861083984375

第 4 次
[[ 0  2 17 11 25 24 20 24  2  3 27 26 22 19  6 23]
 [ 2  0 29  8  1 25 20  8 27  7 12  4 12 16 16  4]
 [17 29  0  8 18 24  4 18 17 13 18  3 18 26 24 25]
 [11  8  8  0 19  4 28 14 21 27 14 11 18 13  6 16]
 [25  1 18 19  0 22 27 28  3  7 15 21 18 21 14 27]
 [24 25 24  4 22  0 12 26 18 21 10  5  6  2 29  4]
 [20 20  4 28 27 12  0  9 11 17 11 20 14 28 21  1]
 [24  8 18 14 28 26  9  0 18 24  3 26 19  6 29  8]
 [ 2 27 17 21  3 18 11 18  0 23 21  5 11 12  7 12]
 [ 3  7 13 27  7 21 17 24 23  0  5  1 27  1 21  1]
 [27 12 18 14 15 10 11  3 21  5  0 13 18  5 13  4]
 [26  4  3 11 21  5 20 26  5  1 13  0  6  1  2 11]
 [22 12 18 18 18  6 14 19 11 27 18  6  0  9 22  9]
 [19 16 26 13 21  2 28  6 12  1  5  1  9  0  7 13]
 [ 6 16 24  6 14 29 21 29  7 21 13  2 22  7  0 19]
 [23  4 25 16 27  4  1  8 12  1  4 11  9 13 19  0]]
DP Weight: 60
DP計算時間: 12.2637779712677
AS Weight: 71
AS計算時間: 0.006491899490356445

第 5 次
[[ 0 10 10 23  7 26  1 18 12 24 26 13 24  5  2  8]
 [10  0  7 17 20  2 10 13 21  5 11  1 26  7  3  7]
 [10  7  0  9 25 13 23 16  9 17  9 21 16  3  5 10]
 [23 17  9  0 17  4 15 21 23 28 29 11 29 24  8 12]
 [ 7 20 25 17  0 29 29 23  7  5 15 29 17 10  3 16]
 [26  2 13  4 29  0 15  5 16 26 25 25 15 19 14 18]
 [ 1 10 23 15 29 15  0  2 12  3  7 20 13 19 19 11]
 [18 13 16 21 23  5  2  0 10 11 14 15 21  3 28 12]
 [12 21  9 23  7 16 12 10  0  7 18  1 10  5  6 10]
 [24  5 17 28  5 26  3 11  7  0  8 28 19  3  5  5]
 [26 11  9 29 15 25  7 14 18  8  0  3 19  2 29 21]
 [13  1 21 11 29 25 20 15  1 28  3  0  9 12 17 23]
 [24 26 16 29 17 15 13 21 10 19 19  9  0 12 17 23]
 [ 5  7  3 24 10 19 19  3  5  3  2 12 12  0 14  2]
 [ 2  3  5  8  3 14 19 28  6  5 29 17 17 14  0  9]
 [ 8  7 10 12 16 18 11 12 10  5 21 23 23  2  9  0]]
DP Weight: 75
DP計算時間: 11.905099868774414
AS Weight: 93
AS計算時間: 0.006009101867675781


------------  17 x 17  ------------
第 1 次
[[ 0 22  6 12 26 10 17 13  6 14  9 13 24  9  5 18  2]
 [22  0 18 28 23 13  9  8  3 25 27 17 13  4 29  6 19]
 [ 6 18  0 24 17  4 28 27 15 29 10 19  1  6 14  8 18]
 [12 28 24  0 25 23  7 25  2  5 12 18 25 21 10 19  8]
 [26 23 17 25  0  2 11  7 29 16 28  9 12 28 27 24 28]
 [10 13  4 23  2  0 20 23  7 21 28 18 17 12  3 13 12]
 [17  9 28  7 11 20  0  6 15 11 11 29 13 15 19 15 16]
 [13  8 27 25  7 23  6  0  2  7 24 20 18 22 12 28 29]
 [ 6  3 15  2 29  7 15  2  0 29 14 10 16  3  6 23  4]
 [14 25 29  5 16 21 11  7 29  0 22 27  3 22 28  4 19]
 [ 9 27 10 12 28 28 11 24 14 22  0 27 14 28 14  5 23]
 [13 17 19 18  9 18 29 20 10 27 27  0  3  8 23 24 28]
 [24 13  1 25 12 17 13 18 16  3 14  3  0 22 26  9  5]
 [ 9  4  6 21 28 12 15 22  3 22 28  8 22  0 22  1 18]
 [ 5 29 14 10 27  3 19 12  6 28 14 23 26 22  0 15 22]
 [18  6  8 19 24 13 15 28 23  4  5 24  9  1 15  0 26]
 [ 2 19 18  8 28 12 16 29  4 19 23 28  5 18 22 26  0]]
DP Weight: 78
DP計算時間: 28.337499141693115
AS Weight: 105
AS計算時間: 0.007265806198120117

第 2 次
[[ 0 11 13 14 12 26 26 24  4 14 17 20 17 17  2 10  8]
 [11  0 26 27 19  1 22 20 27 15  5 18  1 15  2  8 17]
 [13 26  0  9  8  4  5  9 28 20  4 23 28  5  8  9  8]
 [14 27  9  0 21  5 23  1  8  3 12  5 18  8 28  9 13]
 [12 19  8 21  0  5 26 21 28  6  2 20 22 11 22 20  8]
 [26  1  4  5  5  0 18 28  6 12  7 17 18 22 17  4 20]
 [26 22  5 23 26 18  0 26 13 16 19 11  1 25 20 28  8]
 [24 20  9  1 21 28 26  0  5  4  9 12 18  5 10 18 12]
 [ 4 27 28  8 28  6 13  5  0 22 28 20 18 15 16 27 22]
 [14 15 20  3  6 12 16  4 22  0 17 25 15 15 20 25 15]
 [17  5  4 12  2  7 19  9 28 17  0 27 17 20 28 10  6]
 [20 18 23  5 20 17 11 12 20 25 27  0 24  4 22  6 26]
 [17  1 28 18 22 18  1 18 18 15 17 24  0 28 19 10  7]
 [17 15  5  8 11 22 25  5 15 15 20  4 28  0 25  8  1]
 [ 2  2  8 28 22 17 20 10 16 20 28 22 19 25  0 27 20]
 [10  8  9  9 20  4 28 18 27 25 10  6 10  8 27  0 26]
 [ 8 17  8 13  8 20  8 12 22 15  6 26  7  1 20 26  0]]
DP Weight: 57
DP計算時間: 28.10503387451172
AS Weight: 98
AS計算時間: 0.0068359375

第 3 次
[[ 0 13 11 22 26  7  1 11 28 12 18 17 12  4 17 21  8]
 [13  0 26 14 11 11 24 20 19  5 11 12  9 28  7 29  9]
 [11 26  0  3 22  5 13 17 13  7  1 14 25 29 29 29 26]
 [22 14  3  0 24  8 28 26 20  2  1 24 23 14  2 25 18]
 [26 11 22 24  0 15 21 28 22  5  7 22 22 23 11  4  5]
 [ 7 11  5  8 15  0 14 29 26 26 22 16 17 28 19 24  3]
 [ 1 24 13 28 21 14  0 23 22 20 25  4  8  7  3 27 15]
 [11 20 17 26 28 29 23  0 28 28 25  4 13  8 14 24 18]
 [28 19 13 20 22 26 22 28  0 12 16 16 24 17 16 12 21]
 [12  5  7  2  5 26 20 28 12  0 26 24 24 20 22 17 17]
 [18 11  1  1  7 22 25 25 16 26  0  1 10 15 11 17  2]
 [17 12 14 24 22 16  4  4 16 24  1  0 27 22 15 24  1]
 [12  9 25 23 22 17  8 13 24 24 10 27  0 10 20  2  7]
 [ 4 28 29 14 23 28  7  8 17 20 15 22 10  0  6 27  4]
 [17  7 29  2 11 19  3 14 16 22 11 15 20  6  0 26 24]
 [21 29 29 25  4 24 27 24 12 17 17 24  2 27 26  0  8]
 [ 8  9 26 18  5  3 15 18 21 17  2  1  7  4 24  8  0]]
DP Weight: 84
DP計算時間: 28.103309154510498
AS Weight: 99
AS計算時間: 0.006974935531616211

第 4 次
[[ 0 20 27 15 13 24 13 17 14  9 29 27  3 17  9 16 23]
 [20  0  8 19 27 24 24 22 13 27 27 19  3  6 23 22  5]
 [27  8  0  6 17 28 11  6  1 10 18  9  4 26  9  9  3]
 [15 19  6  0 22 19 26  9 20 29 19 18 23  2 28  5  6]
 [13 27 17 22  0 12  9 13  5 19 16 17  5 12  8  1  3]
 [24 24 28 19 12  0  1 16  6 16 25 16 10  8 28 11  8]
 [13 24 11 26  9  1  0 21  6  8 17  7 28 11 27 24 23]
 [17 22  6  9 13 16 21  0 15 17 17 22 22  1 12 10 12]
 [14 13  1 20  5  6  6 15  0 18 10  8  5 12 18 25 13]
 [ 9 27 10 29 19 16  8 17 18  0  2  4  7 13  4  9 21]
 [29 27 18 19 16 25 17 17 10  2  0 28 26 15 25 13 24]
 [27 19  9 18 17 16  7 22  8  4 28  0 15  9 20 21 20]
 [ 3  3  4 23  5 10 28 22  5  7 26 15  0 27 24 16 22]
 [17  6 26  2 12  8 11  1 12 13 15  9 27  0 23  3 11]
 [ 9 23  9 28  8 28 27 12 18  4 25 20 24 23  0  3 22]
 [16 22  9  5  1 11 24 10 25  9 13 21 16  3  3  0 13]
 [23  5  3  6  3  8 23 12 13 21 24 20 22 11 22 13  0]]
DP Weight: 76
DP計算時間: 27.934221982955933
AS Weight: 97
AS計算時間: 0.006765127182006836

第 5 次
[[ 0 24 22 25 17 16 17  8 18 19 27 27 19 14 14  4 17]
 [24  0  1  5 10  6  6  6  6 27 19  4 13 12 19  4 20]
 [22  1  0  6 11 11 17  9 12 29 19 10 16 29 15 25  8]
 [25  5  6  0 23 24 13 22 28 21  2 19  5  9 27  6 26]
 [17 10 11 23  0 23 12 16 29  5 19 15  6  8 26 23 12]
 [16  6 11 24 23  0  2  6 23 12 11  6 22 27 23 23 23]
 [17  6 17 13 12  2  0  4 27  1  5  4 19 10 23 15 25]
 [ 8  6  9 22 16  6  4  0  1 10 27 26  5 20 27 14  8]
 [18  6 12 28 29 23 27  1  0 19 29 26 10 24 23 14 13]
 [19 27 29 21  5 12  1 10 19  0  4  8 29 13 29 11 15]
 [27 19 19  2 19 11  5 27 29  4  0 26 23 23 15 11 14]
 [27  4 10 19 15  6  4 26 26  8 26  0 27 15  6 18 21]
 [19 13 16  5  6 22 19  5 10 29 23 27  0  5  1 19  8]
 [14 12 29  9  8 27 10 20 24 13 23 15  5  0  1  5  5]
 [14 19 15 27 26 23 23 27 23 29 15  6  1  1  0 12 27]
 [ 4  4 25  6 23 23 15 14 14 11 11 18 19  5 12  0 28]
 [17 20  8 26 12 23 25  8 13 15 14 21  8  5 27 28  0]]
DP Weight: 75
DP計算時間: 28.16145396232605
AS Weight: 113
AS計算時間: 0.006948947906494141


------------  18 x 18  ------------
第 1 次
[[ 0  7 11 20 10 22  6 14 15 17 27  6 13 28 12 11 20 10]
 [ 7  0 20  6 29 17 25  1 26 18  2 20 19 23 19 29  6  5]
 [11 20  0 11  2 16 27 21 22 11 22 25 29 19 10 14  8 22]
 [20  6 11  0  4 22  4 15  4  9  8 10 13  7  5 19  4 23]
 [10 29  2  4  0 21  9  1 11 17  3 12 11 22 27 12  6 13]
 [22 17 16 22 21  0 23 22  5  9  8 11 20 21 14 11 23 22]
 [ 6 25 27  4  9 23  0  7 22 10  5 20  3 14  1 19  2  9]
 [14  1 21 15  1 22  7  0 15 24  7  6  5 15 22 28 10 13]
 [15 26 22  4 11  5 22 15  0 27 28  7  5  8  7 28 17  2]
 [17 18 11  9 17  9 10 24 27  0 15 28 20 20 29  7 27 12]
 [27  2 22  8  3  8  5  7 28 15  0 19 14 15 17 13 15 29]
 [ 6 20 25 10 12 11 20  6  7 28 19  0 27 28 26  4 10  1]
 [13 19 29 13 11 20  3  5  5 20 14 27  0 20 24 27 16 20]
 [28 23 19  7 22 21 14 15  8 20 15 28 20  0 18  4 26  4]
 [12 19 10  5 27 14  1 22  7 29 17 26 24 18  0 11  3 25]
 [11 29 14 19 12 11 19 28 28  7 13  4 27  4 11  0 29 15]
 [20  6  8  4  6 23  2 10 17 27 15 10 16 26  3 29  0  8]
 [10  5 22 23 13 22  9 13  2 12 29  1 20  4 25 15  8  0]]
DP Weight: 75
DP計算時間: 66.0173499584198
AS Weight: 109
AS計算時間: 0.007727861404418945

第 2 次
[[ 0 29  6  3  3  1 15  6 17 23 14 26 11 23 24 23  9 20]
 [29  0 29 22 24 25 13 23 29 22 18  7 21 18  6  9  4 25]
 [ 6 29  0 11  7 15 11 27 26  7 10 14  6  9 21  2 17  1]
 [ 3 22 11  0 15 17  2  2 26 27 20 10 15  8 20 22  5  2]
 [ 3 24  7 15  0  8 13 15 20 22  3 24 23 14  2  1 12 29]
 [ 1 25 15 17  8  0 13  8 14 15  6  7  8  8  2 11 11  6]
 [15 13 11  2 13 13  0  5 21 26  6 23  8 24  8 10 21  5]
 [ 6 23 27  2 15  8  5  0  1  5 14 23 24 15 29  8 19 27]
 [17 29 26 26 20 14 21  1  0  6 21 21 10 22 16  4 22 12]
 [23 22  7 27 22 15 26  5  6  0 22  3 24 16 11 13  6 27]
 [14 18 10 20  3  6  6 14 21 22  0  4  1 17  9 25 11 28]
 [26  7 14 10 24  7 23 23 21  3  4  0  5 23 12  5  7 21]
 [11 21  6 15 23  8  8 24 10 24  1  5  0  7 12 17 11  6]
 [23 18  9  8 14  8 24 15 22 16 17 23  7  0 17 29  7 19]
 [24  6 21 20  2  2  8 29 16 11  9 12 12 17  0 15 21 23]
 [23  9  2 22  1 11 10  8  4 13 25  5 17 29 15  0 15 24]
 [ 9  4 17  5 12 11 21 19 22  6 11  7 11  7 21 15  0 18]
 [20 25  1  2 29  6  5 27 12 27 28 21  6 19 23 24 18  0]]
DP Weight: 58
DP計算時間: 65.97413396835327
AS Weight: 75
AS計算時間: 0.007484912872314453

第 3 次
[[ 0  8 12 15 13  8 23 29 19 15 28  7  4 29  1 25 28 18]
 [ 8  0 21 11  7  3 23 17 29  8 24 29 11  5  7 25 20  6]
 [12 21  0 27  1  5  7 17 20 29 29 20 15 10 10  2 29 21]
 [15 11 27  0 23 18  6 28 21 23 19 23  2 18 20  4 25 16]
 [13  7  1 23  0  4 27 21 26 18  6 15 19 12 17 19 23 13]
 [ 8  3  5 18  4  0 15  9 29  2 27 16 13  3 26 28 15 29]
 [23 23  7  6 27 15  0  5 23 17 16 28 15  4 29 23  2 28]
 [29 17 17 28 21  9  5  0  5 27  4 21 14  6  5  1 10  2]
 [19 29 20 21 26 29 23  5  0  6  6  9 25 13 14 27 16 10]
 [15  8 29 23 18  2 17 27  6  0 29 27 29  1  2 22 24 29]
 [28 24 29 19  6 27 16  4  6 29  0 13  6 16  9 22 23 29]
 [ 7 29 20 23 15 16 28 21  9 27 13  0 24 11 20  4  2  2]
 [ 4 11 15  2 19 13 15 14 25 29  6 24  0 12 26 11 29 27]
 [29  5 10 18 12  3  4  6 13  1 16 11 12  0 15  5 18  6]
 [ 1  7 10 20 17 26 29  5 14  2  9 20 26 15  0 25  8 10]
 [25 25  2  4 19 28 23  1 27 22 22  4 11  5 25  0  1  9]
 [28 20 29 25 23 15  2 10 16 24 23  2 29 18  8  1  0 20]
 [18  6 21 16 13 29 28  2 10 29 29  2 27  6 10  9 20  0]]
DP Weight: 55
DP計算時間: 65.93680095672607
AS Weight: 73
AS計算時間: 0.007611989974975586

第 4 次
[[ 0  6 22 26  4  7 27 11  3 13 23 12 16 15 26 17  1 19]
 [ 6  0 25 10  2  7 22 17  4  3 20 22  3 12  7 11  5 13]
 [22 25  0  5 14 23 20 28 24  9  1 29 11 16 23  5 16  2]
 [26 10  5  0 21  9 25  7 25 26 22  1  6  6 12  8  3 16]
 [ 4  2 14 21  0  1 10 21 19 20  8  8 25  7 12 28 16  9]
 [ 7  7 23  9  1  0  9 16 18 20 20 17 11 10 28  8 22 28]
 [27 22 20 25 10  9  0 15 22 29 29 28 29 12 12 18 13 13]
 [11 17 28  7 21 16 15  0 14 23 28 17 22 13  1 14  7 16]
 [ 3  4 24 25 19 18 22 14  0 13 11 24  6  4  5 16 27  6]
 [13  3  9 26 20 20 29 23 13  0 15 25 20 25 19  3  3 25]
 [23 20  1 22  8 20 29 28 11 15  0 12  8  2  7 25 17  7]
 [12 22 29  1  8 17 28 17 24 25 12  0 17 20 19 14 14 14]
 [16  3 11  6 25 11 29 22  6 20  8 17  0 25 12 27 21 28]
 [15 12 16  6  7 10 12 13  4 25  2 20 25  0 15 23 19 10]
